 0.115005 0.1 0.130011 0
 0.149519 0.130011 0.169028 0
 0.194391 0.169028 0.219755 0
 0.25273 0.219755 0.285705 0
 0.328576 0.285705 0.371447 0
 0.427184 0.371447 0.482921 0
 0.555386 0.482921 0.62785 0
 0.722061 0.62785 0.816273 0
 0.938757 0.816273 1.06124 0
 1.22049 1.06124 1.37973 0
 1.58676 1.37973 1.7938 0
 2.06296 1.7938 2.33213 0
 2.68208 2.33213 3.03202 0
 3.48699 3.03202 3.94195 0
 4.53346 3.94195 5.12497 0
 5.89399 5.12497 6.66301 0
 7.66282 6.66301 8.66263 0
 9.96249 8.66263 11.2624 2.67252e-05
 12.9523 11.2624 14.6423 0
 16.8394 14.6423 19.0365 0.000228367
 21.893 19.0365 24.7496 0.000811555
 28.4633 24.7496 32.1771 0.00267432
 37.0054 32.1771 41.8337 0.0041089
 48.111 41.8337 54.3883 0.00637073
 62.5495 54.3883 70.7107 0.00479003
 81.3211 70.7107 91.9315 0.00298441
 105.726 91.9315 119.521 0.00186309
 137.455 119.521 155.39 0.00115377
 178.707 155.39 202.024 0.000707937
 232.338 202.024 262.653 0.000492202
 302.065 262.653 341.477 0.000295029
 392.717 341.477 443.957 0.000177345
 510.574 443.957 577.192 0.000100448
 663.802 577.192 750.412 6.61937e-05
 863.014 750.412 975.616 4.09586e-05
 1122.01 975.616 1268.41 2.1146e-05
 1458.74 1268.41 1649.07 1.4316e-05
 1896.51 1649.07 2143.96 8.75849e-06
 2465.67 2143.96 2787.38 5.89745e-06
 3205.64 2787.38 3623.9 3.91954e-06
 4167.68 3623.9 4711.46 2.44058e-06
 5418.43 4711.46 6125.4 1.60745e-06
 7044.55 6125.4 7963.69 1.05012e-06
 9158.67 7963.69 10353.7 6.80909e-07
 11907.3 10353.7 13460.9 4.29029e-07
 15480.7 13460.9 17500.6 2.61521e-07
 20126.6 17500.6 22752.6 1.6305e-07
 26166.8 22752.6 29580.9 9.84986e-08
 34019.6 29580.9 38458.3 5.81896e-08
 44229.2 38458.3 50000 3.34073e-08
