0.0110113222 95.0852113704
0.0132385210 286.7138994077
0.0159162030 861.3262198287
0.0191354848 2555.1165383298
0.0230059128 7275.5396041072
0.0276591908 18417.1808179179
0.0332536613 36175.1642986160
0.0399796944 50462.3028041278
0.0480661646 53839.8915356320
0.0577882402 50426.3437592539
0.0694767460 45079.6653414300
0.0835294207 39720.2052952342
0.1004244518 34848.0226877765
0.1207367467 30535.2013136537
0.1451574966 26746.4028760917
0.1745176955 23425.2436485701
0.2098164185 20515.8516492467
0.2522548178 17967.6436494697
0.3032769959 15735.8998408455
0.3646191460 13781.3484980184
0.4383686314 12069.5687694409
0.5270350148 10570.4083420446
0.6336354541 9257.4583745454
0.7617973710 8107.5898234453
0.9158818856 7100.5463902763
1.1011322173 6218.5877820639
1.3238521027 5446.1772197147
1.5916202997 4769.7077450577
1.9135484798 4177.2625192333
2.3005912812 3658.4048933853
2.7659190760 3203.9945544025
3.3253661341 2806.0265071259
3.9979694351 2457.4900565525
4.8066164624 2152.2453058506
5.7788240236 1884.9149945511
6.9476745975 1650.7897715124
8.3529420719 1445.7452339270
10.0424451775 1266.1692709107
12.0736746735 1108.8984317409
14.5157496551 971.1621977944
17.4517695521 850.5341764657
20.9816418537 744.8893572867
25.2254817805 652.3666772624
30.3276995908 571.3362359647
36.4619146018 500.3705828387
43.8368631438 438.2195709109
52.7035014830 383.7883339182
63.3635454128 336.1179988962
76.1797371011 294.3687944565
91.5881885551 257.8052571845
