0.01101132 531842.03156602
0.01323852 474227.70831243
0.01591620 416979.46210820
0.01913548 360752.92698011
0.02300591 306495.30707637
0.02765919 255338.80897096
0.03325366 208423.47151848
0.03997969 166694.01674914
0.04806616 130734.96772841
0.05778824 100695.79902512
0.06947675 76319.13611178
0.08352942 57044.82334040
0.10042445 42143.40096060
0.12073675 30838.00115583
0.14515750 22392.35818444
0.17451770 16160.93509284
0.20981642 11608.15462029
0.25225482 8307.24170805
0.30327700 5928.13968468
0.36461915 4221.22541550
0.43836863 3000.83739962
0.52703501 2130.60726177
0.63363545 1511.31065618
0.76179737 1071.25830312
0.91588189 758.92896149
1.10113222 537.44280877
1.32385210 380.47941358
1.59162030 269.29648430
1.91354848 190.57043841
2.30059128 134.84172555
2.76591908 95.40056832
3.32536613 67.49102317
3.99796944 47.74383894
4.80661646 33.77309445
5.77882402 23.88971729
6.94767460 16.89822698
8.35294207 11.95263740
10.04244518 8.45435938
12.07367467 5.97989323
14.51574966 4.22963583
17.45176955 2.99164556
20.98164185 2.11599926
25.22548178 1.49664757
30.32769959 1.05857728
36.46191460 0.74872932
43.83686314 0.52957386
52.70350148 0.37456554
63.36354541 0.26492856
76.17973710 0.18738270
91.58818856 0.13253483
