 0.115005 0.1 0.130011 0
 0.149519 0.130011 0.169028 0
 0.194391 0.169028 0.219755 0
 0.25273 0.219755 0.285705 0
 0.328576 0.285705 0.371447 0
 0.427184 0.371447 0.482921 0
 0.555386 0.482921 0.62785 0
 0.722061 0.62785 0.816273 0
 0.938757 0.816273 1.06124 0
 1.22049 1.06124 1.37973 0
 1.58676 1.37973 1.7938 0
 2.06296 1.7938 2.33213 0
 2.68208 2.33213 3.03202 0
 3.48699 3.03202 3.94195 0
 4.53346 3.94195 5.12497 0
 5.89399 5.12497 6.66301 0
 7.66282 6.66301 8.66263 0
 9.96249 8.66263 11.2624 0.0352948
 12.9523 11.2624 14.6423 0
 16.8394 14.6423 19.0365 0.00947184
 21.893 19.0365 24.7496 0.00593823
 28.4633 24.7496 32.1771 0.00398501
 37.0054 32.1771 41.8337 0.0020793
 48.111 41.8337 54.3883 0.00200477
 62.5495 54.3883 70.7107 0.001179
 81.3211 70.7107 91.9315 0.000589493
 105.726 91.9315 119.521 0.000290525
 137.455 119.521 155.39 0.000139381
 178.707 155.39 202.024 6.52725e-05
 232.338 202.024 262.653 3.42643e-05
 302.065 262.653 341.477 1.53901e-05
 392.717 341.477 443.957 6.89636e-06
 510.574 443.957 577.192 2.9016e-06
 663.802 577.192 750.412 1.41701e-06
 863.014 750.412 975.616 6.48739e-07
 1122.01 975.616 1268.41 2.47548e-07
 1458.74 1268.41 1649.07 1.2378e-07
 1896.51 1649.07 2143.96 5.59047e-08
 2465.67 2143.96 2787.38 2.77804e-08
 3205.64 2787.38 3623.9 1.3623e-08
 4167.68 3623.9 4711.46 6.25798e-09
 5418.43 4711.46 6125.4 3.04049e-09
 7044.55 6125.4 7963.69 1.46514e-09
 9158.67 7963.69 10353.7 7.00728e-10
 11907.3 10353.7 13460.9 3.25652e-10
 15480.7 13460.9 17500.6 1.46411e-10
 20126.6 17500.6 22752.6 6.73259e-11
 26166.8 22752.6 29580.9 2.99972e-11
 34019.6 29580.9 38458.3 1.30703e-11
 44229.2 38458.3 50000 5.53438e-12
