## Angle(deg) |  ph cm-2 s-1 (10keV-20keV) | ph cm-2 s-1 (10keV-100 MeV)
0   0.14997395092679563   1.308517222985501
10   0.15196053958298167   1.3144819180663725
20   0.1546890315154642   1.318529599928043
30   0.1531305065507388   1.3150616916122784
40   0.15400285027963462   1.3231019358556508
50   0.15285552730098056   1.3197155799822342
60   0.15372728771335675   1.3294039358246614
70   0.15487281823060683   1.3229240003618805
80   0.15499988762641306   1.3257825511770878
90   0.15510411393810608   1.328367658071049
90   0.15510411393810608   1.328367658071049
