## Angle(deg) |  ph cm-2 s-1 (10keV-20keV) | ph cm-2 s-1 (10keV-100 MeV)
0   0.047605179131845046   0.09942879002279222
10   0.0483447313424634   0.10039877113532172
20   0.04927228192414532   0.10149952697023869
30   0.048750260282348475   0.10111404805910865
40   0.048891909126021864   0.10186605069425442
50   0.04874587533110573   0.10117642768174809
60   0.04888304991945465   0.10218564724657868
70   0.04932899612667503   0.10230944158566313
80   0.049286451536305245   0.10272638389056979
90   0.049372051622614585   0.10268688534467801
