10.9286 10 11.8571 0.0779399
12.9581 11.8571 14.0591 0.0446561
15.3646 14.0591 16.6701 0.0232885
18.218 16.6701 19.7659 0.0118306
21.6013 19.7659 23.4367 0.00556557
25.613 23.4367 27.7892 0.00246968
30.3696 27.7892 32.95 0.0100502
36.0096 32.95 39.0693 0.0129307
42.6971 39.0693 46.3249 0.00932892
50.6265 46.3249 54.928 0.00654034
60.0284 54.928 65.1288 0.0043125
71.1765 65.1288 77.2241 0.00243291
84.3948 77.2241 91.5656 0.00174643
100.068 91.5656 108.57 0.00124896
118.652 108.57 128.733 0.000817941
140.687 128.733 152.641 0.000537528
166.814 152.641 180.988 0.000348304
197.794 180.988 214.6 0.000226007
234.527 214.6 254.454 0.000146019
278.081 254.454 301.709 9.35441e-05
329.724 301.709 357.74 6.02476e-05
390.958 357.74 424.177 3.83816e-05
463.564 424.177 502.952 2.41034e-05
549.654 502.952 596.356 1.52061e-05
651.731 596.356 707.107 9.63067e-06
772.766 707.107 838.425 6.08764e-06
916.278 838.425 994.131 3.89164e-06
1086.44 994.131 1178.75 2.45827e-06
1288.21 1178.75 1397.66 1.57452e-06
1527.45 1397.66 1657.23 1.00156e-06
1811.11 1657.23 1964.99 6.53357e-07
2147.46 1964.99 2329.92 4.1776e-07
2546.27 2329.92 2762.61 2.75477e-07
3019.14 2762.61 3275.67 1.78112e-07
3579.83 3275.67 3884 1.17246e-07
4244.65 3884 4605.31 7.69875e-08
5032.94 4605.31 5460.57 5.12302e-08
5967.62 5460.57 6474.66 3.43789e-08
7075.88 6474.66 7677.09 2.28287e-08
8389.96 7677.09 9102.82 1.53924e-08
9948.07 9102.82 10793.3 1.04095e-08
11795.6 10793.3 12797.8 6.90228e-09
13986.1 12797.8 15174.5 4.66714e-09
16583.5 15174.5 17992.6 3.10895e-09
19663.3 17992.6 21334 2.06664e-09
23315 21334 25296 1.3891e-09
27644.9 25296 29993.8 9.27703e-10
32778.9 29993.8 35564 6.12305e-10
38866.4 35564 42168.7 4.04663e-10
46084.4 42168.7 50000 2.62802e-10
54039.7 50000 58079.3 1.78906e-10
62771.7 58079.3 67464.1 1.21136e-10
72914.8 67464.1 78365.4 8.11753e-11
84696.8 78365.4 91028.2 5.47524e-11
98382.7 91028.2 105737 3.61931e-11
114280 105737 122823 0
132746 122823 142669 0
154196 142669 165723 0
179112 165723 192501 0
208054 192501 223607 0
241673 223607 259739 0
280724 259739 301709 0
326085 301709 350461 0
378776 350461 407091 0
439981 407091 472871 0
511076 472871 549280 0
593658 549280 638036 0
689585 638036 741134 0
801013 741134 860892 0
930446 860892 1e+06 0
1.49763e+06 1e+06 1.99526e+06 0
2.98817e+06 1.99526e+06 3.98107e+06 0
5.96218e+06 3.98107e+06 7.94328e+06 0
1.18961e+07 7.94328e+06 1.58489e+07 0
2.37359e+07 1.58489e+07 3.16228e+07 0
4.73593e+07 3.16228e+07 6.30957e+07 0
9.44941e+07 6.30957e+07 1.25893e+08 0
1.88541e+08 1.25893e+08 2.51189e+08 0
3.76188e+08 2.51189e+08 5.01187e+08 0
